14 157
9 3
5 4
8 13
12 2
6 12
12 14
8 14
2 4
4 14
12 6
4 1
6 4
1 14
5 3
2 13
8 6
4 6
2 6
10 5
4 3
13 12
6 13
14 3
2 5
6 7
13 6
9 14
7 5
8 12
12 10
12 11
6 2
12 13
13 2
11 13
14 6
6 5
7 13
7 4
9 12
14 2
7 14
9 8
9 5
8 9
10 12
11 6
7 12
14 10
10 7
6 1
8 7
10 14
7 8
9 2
13 3
9 13
7 3
14 9
13 8
13 5
3 11
12 3
10 1
3 1
4 8
3 9
5 14
10 2
13 4
1 6
14 13
8 5
3 10
5 10
10 3
8 2
4 5
2 7
7 10
9 4
12 1
3 13
12 4
11 7
1 4
3 8
12 9
9 10
3 4
7 2
13 1
5 1
13 10
8 4
11 4
1 13
10 4
4 2
11 3
2 1
14 7
6 14
2 9
4 11
11 9
1 2
6 11
12 7
14 4
6 3
14 8
1 9
3 7
2 11
4 9
3 12
6 10
9 6
2 10
10 6
7 11
5 12
5 13
1 10
14 12
11 2
2 8
3 5
10 8
1 8
2 3
10 9
12 8
10 11
13 14
8 1
8 11
3 2
13 9
11 12
13 11
7 9
2 14
12 5
1 11
11 14
4 12
13 7
4 7
5 6
7 1
6 9
4 10
4 13
5 7
14 1
