100 500
96 95
86 72
98 37
67 68
64 14
44 45
99 100
15 39
6 91
54 77
7 35
70 73
8 9
9 63
64 41
40 41
82 56
22 35
75 17
9 81
72 2
90 17
84 13
41 42
96 97
97 74
18 19
73 74
1 88
33 47
34 12
18 37
48 38
55 86
14 15
37 17
39 99
83 14
2 59
54 97
11 7
74 75
23 100
35 65
59 32
92 99
43 87
15 16
1 81
47 48
44 31
42 98
7 21
45 5
34 14
28 62
64 27
14 8
3 17
48 49
80 81
40 54
75 21
85 86
50 86
94 34
4 89
89 38
13 67
89 47
79 21
44 33
81 82
87 13
47 59
51 50
22 23
77 78
14 19
80 74
75 5
3 28
52 12
94 27
33 8
69 92
79 5
1 67
36 34
43 82
55 56
7 16
17 48
74 45
14 3
51 52
43 48
39 96
100 82
49 98
69 76
21 36
16 58
26 4
88 74
30 93
48 28
46 95
85 56
84 88
59 13
80 87
96 71
44 12
72 3
62 66
25 26
5 50
62 84
37 9
100 77
21 22
50 58
66 54
72 88
84 90
5 77
18 96
96 64
1 55
4 88
17 18
48 5
54 55
79 20
28 36
100 52
82 16
71 16
47 58
36 58
17 54
37 2
66 47
94 8
59 8
87 88
7 98
87 97
43 72
78 39
79 4
35 68
4 90
28 29
85 26
88 89
100 54
11 86
77 61
38 79
21 17
29 30
84 85
80 66
61 62
95 94
1 50
24 52
6 46
73 45
16 57
2 3
51 17
62 63
94 95
68 76
31 66
5 56
3 4
58 59
15 88
35 36
87 74
78 16
90 100
47 10
95 96
93 7
62 38
35 63
25 7
36 37
91 92
68 69
66 17
68 78
12 55
22 1
5 49
32 33
20 68
96 36
68 96
38 92
88 41
69 70
80 70
58 79
10 11
65 66
85 14
19 78
73 58
3 91
93 36
75 86
15 65
6 7
67 2
43 44
98 99
90 95
76 50
99 52
71 100
39 40
11 67
22 97
57 64
80 29
76 77
8 80
51 23
65 86
38 69
46 82
6 9
4 46
52 95
72 73
32 37
49 87
44 100
95 84
70 9
18 90
73 44
12 25
54 49
68 66
52 79
12 43
5 37
12 52
46 84
42 32
90 81
15 87
24 35
25 89
72 84
50 54
73 19
2 96
70 11
15 96
29 98
9 10
77 28
34 94
60 76
3 88
98 69
33 77
27 36
35 28
42 43
79 92
53 82
11 46
34 78
28 7
38 39
31 33
57 52
80 17
85 13
15 46
46 61
80 26
75 76
14 99
33 79
52 92
21 4
39 3
80 53
71 72
16 17
67 1
7 69
73 14
65 40
73 23
63 86
12 13
100 16
57 45
5 7
63 95
38 41
60 71
91 86
49 50
97 99
75 78
60 89
84 56
94 91
13 14
44 81
45 46
10 79
62 7
50 51
79 87
82 83
64 77
73 25
47 6
14 67
76 51
48 99
46 47
95 31
23 24
78 79
98 57
87 36
83 84
95 49
43 11
89 97
69 39
19 20
25 70
90 71
82 67
15 77
24 25
79 80
19 29
56 57
30 38
34 66
8 56
20 21
46 40
5 2
52 53
50 1
83 59
84 24
22 91
57 58
89 90
44 67
78 99
89 99
87 47
60 93
82 60
96 25
53 54
1 16
13 18
30 31
42 33
48 67
44 85
25 81
48 76
90 91
62 20
83 52
68 33
26 27
21 77
54 25
29 90
23 19
68 42
31 32
86 87
92 9
12 28
87 31
64 38
84 53
27 28
30 24
64 56
99 23
53 56
74 88
56 52
64 65
44 87
65 30
91 40
15 20
34 70
97 71
49 22
46 35
5 6
60 61
86 80
86 89
7 34
61 14
97 98
58 27
1 2
76 14
74 81
93 94
79 77
64 58
94 38
86 55
3 48
38 15
3 66
60 63
44 46
40 94
70 65
44 64
53 42
28 77
37 34
63 53
9 82
68 12
14 41
99 27
54 4
100 1
60 47
84 14
37 61
95 14
98 40
55 69
64 17
1 98
79 45
50 18
19 21
63 64
75 29
2 87
94 51
24 93
4 5
59 60
40 89
16 98
55 80
25 55
76 2
22 31
2 62
70 96
47 94
37 38
92 93
65 20
31 6
37 56
97 70
33 34
72 25
27 2
70 71
26 46
17 74
34 35
9 70
11 12
66 67
74 80
57 9
84 2
29 66
85 98
7 8
40 75